A=[0.042774255611621556 0.029026696379592973;0.053498729419963836 0.02934255765165629;0.05859051755870622 0.02949389816951139];

B=[1.8900000000000006 2.4;1.9200000000000006 2.4;1.9500000000000006 2.4];